# Blender v2.93.1 OBJ File: 'bulbine.blend'
# www.blender.org
mtllib bulbine_stem_top.mtl
o stem_top_Cube.003
v 0.177834 0.401412 -0.027792
v 0.177834 0.651409 -0.027792
v 0.001059 0.401412 -0.204567
v 0.001059 0.651409 -0.204567
v 0.354609 0.401412 -0.204567
v 0.354609 0.651409 -0.204567
v 0.177834 0.401412 -0.381342
v 0.177834 0.651409 -0.381342
v -0.353553 0.000000 0.353553
v 0.353553 0.000000 -0.353553
v -0.353553 1.000000 0.353553
v 0.353553 1.000000 -0.353553
v 0.353553 0.000000 0.353553
v -0.353553 0.000000 -0.353553
v 0.353553 1.000000 0.353553
v -0.353553 1.000000 -0.353553
v 0.353553 0.000000 -0.353553
v -0.353553 0.000000 0.353553
v 0.353553 1.000000 -0.353553
v -0.353553 1.000000 0.353553
v -0.353553 0.000000 -0.353553
v 0.353553 0.000000 0.353553
v -0.353553 1.000000 -0.353553
v 0.353553 1.000000 0.353553
v -0.271075 0.846144 0.118805
v -0.193090 0.623568 0.035879
v -0.106034 0.834152 0.306199
v -0.028049 0.611576 0.223273
v -0.441892 0.732942 0.262003
v -0.363907 0.510366 0.179076
v -0.276851 0.720950 0.449397
v -0.198866 0.498374 0.366470
v 0.197984 0.555938 0.361549
v 0.234581 0.802055 0.385750
v 0.070296 0.595694 0.150329
v 0.106892 0.841812 0.174530
v 0.409775 0.537379 0.230023
v 0.446371 0.783497 0.254224
v 0.282086 0.577136 0.018803
v 0.318683 0.823253 0.043004
vt 0.000000 0.000000
vt 1.000000 0.000000
vt 1.000000 1.000000
vt 0.000000 1.000000
vt 0.000000 0.000000
vt 1.000000 0.000000
vt 1.000000 1.000000
vt 0.000000 1.000000
vt 0.000000 0.000000
vt 1.000000 0.000000
vt 1.000000 1.000000
vt 0.000000 1.000000
vt 0.000000 0.000000
vt 1.000000 0.000000
vt 1.000000 1.000000
vt 0.000000 1.000000
vt 0.375000 0.750000
vt 0.625000 0.750000
vt 0.625000 1.000000
vt 0.375000 1.000000
vt 0.375000 0.750000
vt 0.625000 0.750000
vt 0.625000 1.000000
vt 0.375000 1.000000
vt 0.625000 0.750000
vt 0.625000 1.000000
vt 0.375000 1.000000
vt 0.375000 0.750000
vt 0.625000 0.750000
vt 0.625000 1.000000
vt 0.375000 1.000000
vt 0.375000 0.750000
vt 0.625000 0.750000
vt 0.625000 1.000000
vt 0.375000 0.750000
vt 0.375000 1.000000
vt 0.375000 0.750000
vt 0.625000 0.750000
vt 0.625000 1.000000
vt 0.375000 1.000000
vt 0.375000 0.750000
vt 0.625000 0.750000
vt 0.375000 1.000000
vt 0.375000 0.750000
vt 0.625000 0.750000
vt 0.625000 1.000000
vt 0.375000 1.000000
vt 0.375000 0.750000
vt 0.625000 0.750000
vt 0.625000 1.000000
vt 0.375000 0.750000
vt 0.625000 0.750000
vt 0.625000 1.000000
vt 0.375000 1.000000
vt 0.625000 1.000000
vt 0.375000 1.000000
vt 0.375000 0.750000
vt 0.625000 0.750000
vt 0.625000 1.000000
vt 0.375000 1.000000
vt 0.375000 0.750000
vt 0.625000 0.750000
vt 0.625000 1.000000
vt 0.375000 1.000000
vt 0.625000 0.750000
vt 0.625000 1.000000
vt 0.375000 1.000000
vt 0.375000 0.750000
vt 0.625000 0.750000
vt 0.625000 1.000000
vt 0.375000 1.000000
vt 0.375000 0.750000
vt 0.625000 0.750000
vt 0.625000 1.000000
vt 0.375000 0.750000
vt 0.375000 1.000000
vn 0.7071 0.0000 0.7071
vn 0.7071 0.0000 -0.7071
vn -0.7071 0.0000 -0.7071
vn -0.7071 0.0000 0.7071
vn 0.0000 -1.0000 0.0000
vn 0.0000 1.0000 0.0000
vn -0.3119 0.8903 0.3317
vn 0.6602 -0.0480 0.7496
vn -0.6833 -0.4528 0.5728
vn 0.3119 -0.8903 -0.3317
vn 0.6833 0.4528 -0.5728
vn -0.6602 0.0480 -0.7496
vn -0.5108 0.1590 -0.8449
vn 0.8472 -0.0742 -0.5261
vn -0.1464 -0.9845 -0.0968
vn -0.8472 0.0742 0.5261
vn 0.5108 -0.1590 0.8449
vn 0.1464 0.9845 0.0968
usemtl StemTop
s off
f 9/1/1 10/2/1 12/3/1 11/4/1
f 13/5/2 14/6/2 16/7/2 15/8/2
f 17/9/3 18/10/3 20/11/3 19/12/3
f 21/13/4 22/14/4 24/15/4 23/16/4
usemtl Lanterns
f 3/17/3 4/18/3 8/19/3 7/20/3
f 7/21/2 8/22/2 6/23/2 5/24/2
f 3/17/5 7/25/5 5/26/5 1/27/5
f 1/28/4 2/29/4 4/30/4 3/31/4
f 5/32/1 6/33/1 2/34/1 1/27/1
f 8/35/6 4/18/6 2/34/6 6/36/6
f 25/37/7 29/38/7 31/39/7 27/40/7
f 28/41/8 27/42/8 31/39/8 32/43/8
f 32/44/9 31/45/9 29/46/9 30/47/9
f 30/48/10 26/49/10 28/50/10 32/43/10
f 26/51/11 25/52/11 27/53/11 28/54/11
f 30/48/12 29/38/12 25/55/12 26/56/12
f 35/57/13 36/58/13 40/59/13 39/60/13
f 39/61/14 40/62/14 38/63/14 37/64/14
f 35/57/15 39/65/15 37/66/15 33/67/15
f 33/68/16 34/69/16 36/70/16 35/71/16
f 37/72/17 38/73/17 34/74/17 33/67/17
f 40/75/18 36/58/18 34/74/18 38/76/18
